# Game Level 2 Exporter v1.0
MESH
Details_Dots
<Matrix 4x4 ( 4.0000, 0.0000,  0.0000, 0.0000)
            ( 0.0000, 4.0000, -0.0000, 0.0000)
            ( 0.0000, 0.0000,  4.0000, 0.0000)
            (-0.8474, 7.0000,  9.8000, 1.0000)>
MESH
Details_Dots
<Matrix 4x4 (-4.0000,  0.0000,  0.0000, 0.0000)
            (-0.0000, -4.0000, -0.0000, 0.0000)
            (-0.0000, -0.0000,  4.0000, 0.0000)
            ( 1.2794,  7.0000,  9.8000, 1.0000)>
MESH
Details_Dots
<Matrix 4x4 (4.0000, 0.0000,  0.0000, 0.0000)
            (0.0000, 4.0000, -0.0000, 0.0000)
            (0.0000, 0.0000,  4.0000, 0.0000)
            (3.3552, 7.0000,  9.8000, 1.0000)>
MESH
Details_Dots
<Matrix 4x4 (-4.0000,  0.0000,  0.0000, 0.0000)
            (-0.0000, -4.0000, -0.0000, 0.0000)
            (-0.0000, -0.0000,  4.0000, 0.0000)
            ( 5.3955,  7.0000,  9.8000, 1.0000)>
MESH
Details_Dots
<Matrix 4x4 (4.0000, 0.0000,  0.0000, 0.0000)
            (0.0000, 4.0000, -0.0000, 0.0000)
            (0.0000, 0.0000,  4.0000, 0.0000)
            (7.5000, 7.0000,  9.8000, 1.0000)>
MESH
Details_Dots
<Matrix 4x4 (-4.0000,  0.0000,  0.0000, 0.0000)
            (-0.0000, -4.0000, -0.0000, 0.0000)
            (-0.0000, -0.0000,  4.0000, 0.0000)
            ( 9.5000,  7.0000,  9.8000, 1.0000)>
MESH
Details_Dots
<Matrix 4x4 ( 4.0000, 0.0000,  0.0000, 0.0000)
            ( 0.0000, 4.0000, -0.0000, 0.0000)
            ( 0.0000, 0.0000,  4.0000, 0.0000)
            (11.5000, 7.0000,  9.8000, 1.0000)>
MESH
Details_Dots
<Matrix 4x4 (-4.0000,  0.0000,  0.0000, 0.0000)
            (-0.0000, -4.0000, -0.0000, 0.0000)
            (-0.0000, -0.0000,  4.0000, 0.0000)
            (-2.9839,  7.0000,  9.8000, 1.0000)>
MESH
Details_Dots
<Matrix 4x4 (-4.0000,  0.0000,  0.0000, 0.0000)
            (-0.0000, -4.0000, -0.0000, 0.0000)
            (-0.0000, -0.0000,  4.0000, 0.0000)
            (13.5794,  7.0000,  9.8000, 1.0000)>
MESH
FloorTile_Basic2
<Matrix 4x4 (10.0000,  0.0000,  0.0000, 0.0000)
            ( 0.0000, 10.0000, -0.0000, 0.0000)
            ( 0.0000,  0.0000, 10.0000, 0.0000)
            ( 4.8901,  0.0000,  0.1214, 1.0000)>
MESH
LongWindow_Wall_SideB
<Matrix 4x4 (2.5000, 0.0000,  0.0000, 0.0000)
            (0.0000, 2.5000, -0.0000, 0.0000)
            (0.0000, 0.0000,  2.5000, 0.0000)
            (0.0000, 0.0000,  9.5000, 1.0000)>
MESH
LongWindow_Wall_SideB
<Matrix 4x4 ( 2.5000, 0.0000,  0.0000, 0.0000)
            ( 0.0000, 2.5000, -0.0000, 0.0000)
            ( 0.0000, 0.0000,  2.5000, 0.0000)
            (10.0000, 0.0000,  9.5000, 1.0000)>
MESH
ThreeWindows_Wall_SideB
<Matrix 4x4 (-0.0000, 0.0000,  2.5000, 0.0000)
            ( 0.0000, 2.5000,  0.0000, 0.0000)
            (-2.5000, 0.0000, -0.0000, 0.0000)
            (-4.5000, 0.0000,  5.0000, 1.0000)>
MESH
ThreeWindows_Wall_SideB
<Matrix 4x4 (-0.0000, 0.0000,  2.5000, 0.0000)
            ( 0.0000, 2.5000,  0.0000, 0.0000)
            (-2.5000, 0.0000, -0.0000, 0.0000)
            (-4.5000, 0.0100, -5.0000, 1.0000)>
MESH
Props_Crate
<Matrix 4x4 ( 2.2981, 0.0000, -1.9284, 0.0000)
            (-0.0000, 3.0000, -0.0000, 0.0000)
            ( 1.9284, 0.0000,  2.2981, 0.0000)
            (-2.0000, 0.2000, -7.0000, 1.0000)>
MESH
Props_Computer
<Matrix 4x4 (3.0000, 0.0000,  0.0000, 0.0000)
            (0.0000, 3.0000, -0.0000, 0.0000)
            (0.0000, 0.0000,  3.0000, 0.0000)
            (5.0000, 0.3000,  9.0000, 1.0000)>
MESH
Props_Shelf
<Matrix 4x4 (-0.0000, 0.0000,  5.0000, 0.0000)
            ( 0.0000, 2.0000,  0.0000, 0.0000)
            (-2.0000, 0.0000, -0.0000, 0.0000)
            (-3.6843, 0.3500,  3.0000, 1.0000)>