# Game Level Exporter v1.0
LIGHT
Light
<Matrix 4x4 (-0.2968, -0.0711,  0.9523, 0.0000)
            (-0.9491,  0.1322, -0.2860, 0.0000)
            (-0.1056, -0.9887, -0.1067, 0.0000)
            ( 5.3076,  9.1328,  8.2650, 1.0000)>
CAMERA
Camera
<Matrix 4x4 ( 0.6859,  0.0000,  0.7277, 0.0000)
            (-0.3240,  0.8954,  0.3054, 0.0000)
            (-0.6516, -0.4453,  0.6142, 0.0000)
            ( 7.3589,  4.9583, -6.9258, 1.0000)>
MESH
DoorSingle_Wall_SideB
<Matrix 4x4 (2.5000, 0.0000,  0.0000, 0.0000)
            (0.0000, 2.5000, -0.0000, 0.0000)
            (0.0000, 0.0000,  2.5000, 0.0000)
            (5.0000, 0.0000,  9.5000, 1.0000)>
MESH
Wall_2
<Matrix 4x4 ( 2.5000, 0.0000,  0.0000, 0.0000)
            ( 0.0000, 2.5000, -0.0000, 0.0000)
            ( 0.0000, 0.0000,  2.5000, 0.0000)
            (-5.0000, 0.0000,  9.5000, 1.0000)>
MESH
Details_Vent_5
<Matrix 4x4 (-0.0000, 0.0000,  5.0000, 0.0000)
            ( 0.0000, 5.0000,  0.0000, 0.0000)
            (-5.0000, 0.0000, -0.0000, 0.0000)
            (-9.3000, 1.0000,  0.0000, 1.0000)>
MESH
Details_Vent_5
<Matrix 4x4 (-0.0000, 0.0000,  5.0000, 0.0000)
            ( 0.0000, 5.0000,  0.0000, 0.0000)
            (-5.0000, 0.0000, -0.0000, 0.0000)
            (-9.3000, 1.0000, -6.4780, 1.0000)>
MESH
Details_Vent_5
<Matrix 4x4 (-0.0000, 0.0000,  5.0000, 0.0000)
            ( 0.0000, 5.0000,  0.0000, 0.0000)
            (-5.0000, 0.0000, -0.0000, 0.0000)
            (-9.3000, 1.0000,  6.3107, 1.0000)>
MESH
Props_ComputerSmall
<Matrix 4x4 (-1.2500, 0.0000,  2.1651, 0.0000)
            ( 0.0000, 2.5000,  0.0000, 0.0000)
            (-2.1651, 0.0000, -1.2500, 0.0000)
            (-8.5189, 0.0000, -7.8748, 1.0000)>
MESH
Props_ContainerFull
<Matrix 4x4 (-0.0000, 0.0000,  5.0000, 0.0000)
            ( 0.0000, 5.0000,  0.0000, 0.0000)
            (-5.0000, 0.0000, -0.0000, 0.0000)
            (-6.2076, 0.0000,  0.0821, 1.0000)>
MESH
Props_ContainerFull
<Matrix 4x4 ( 3.2139, 0.0000,  3.8302, 0.0000)
            ( 0.0000, 5.0000, -0.0000, 0.0000)
            (-3.8302, 0.0000,  3.2139, 0.0000)
            ( 5.8106, 0.0000, -6.1443, 1.0000)>
LIGHT
Light
<Matrix 4x4 (-0.2968, -0.0711,  0.9523, 0.0000)
            (-0.9491,  0.1322, -0.2860, 0.0000)
            (-0.1056, -0.9887, -0.1067, 0.0000)
            (-4.6124,  8.8424,  8.3127, 1.0000)>
LIGHT
Light
<Matrix 4x4 (-0.2974, -0.0509,  0.9534, 0.0000)
            (-0.9408, -0.1542, -0.3017, 0.0000)
            ( 0.1624, -0.9867, -0.0020, 0.0000)
            (-8.7003,  9.1328,  4.7956, 1.0000)>
LIGHT
Light
<Matrix 4x4 (-0.2945,  0.0684,  0.9532, 0.0000)
            (-0.9529, -0.0965, -0.2875, 0.0000)
            ( 0.0723, -0.9930,  0.0935, 0.0000)
            (-8.6941,  9.1328, -5.4064, 1.0000)>
MESH
Wall_2
<Matrix 4x4 (-0.0000, 0.0000,  2.5000, 0.0000)
            ( 0.0000, 2.5000,  0.0000, 0.0000)
            (-2.5000, 0.0000, -0.0000, 0.0000)
            (-9.5000, 0.0000,  5.0000, 1.0000)>
MESH
Wall_2
<Matrix 4x4 (-0.0000, 0.0000,  2.5000, 0.0000)
            ( 0.0000, 2.5000,  0.0000, 0.0000)
            (-2.5000, 0.0000, -0.0000, 0.0000)
            (-9.5000, 0.0000, -5.0000, 1.0000)>
MESH
FloorTile_Side
<Matrix 4x4 (10.0000,  0.0000,  0.0000, 0.0000)
            ( 0.0000, 10.0000, -0.0000, 0.0000)
            ( 0.0000,  0.0000, 10.0000, 0.0000)
            ( 0.0000,  0.0000,  0.0000, 1.0000)>
MESH
Props_Vessel_Tall
<Matrix 4x4 ( 5.0000, 0.0000,  0.0000, 0.0000)
            ( 0.0000, 5.0000, -0.0000, 0.0000)
            ( 0.0000, 0.0000,  5.0000, 0.0000)
            (-6.9611, 0.0000,  6.9162, 1.0000)>
MESH
Props_Vessel_Tall
<Matrix 4x4 ( 5.0000, 0.0000,  0.0000, 0.0000)
            ( 0.0000, 5.0000, -0.0000, 0.0000)
            ( 0.0000, 0.0000,  5.0000, 0.0000)
            (-6.9611, 0.0000,  4.7273, 1.0000)>
MESH
Props_Vessel_Tall
<Matrix 4x4 ( 5.0000, 0.0000,  0.0000, 0.0000)
            ( 0.0000, 5.0000, -0.0000, 0.0000)
            ( 0.0000, 0.0000,  5.0000, 0.0000)
            (-4.4889, 0.0000,  8.2281, 1.0000)>
MESH
Props_Vessel_Tall
<Matrix 4x4 ( 5.0000, 0.0000,  0.0000, 0.0000)
            ( 0.0000, 5.0000, -0.0000, 0.0000)
            ( 0.0000, 0.0000,  5.0000, 0.0000)
            (-4.4889, 0.0000,  5.7989, 1.0000)>
MESH
Props_Vessel_Tall
<Matrix 4x4 ( 5.0000, 0.0000,  0.0000, 0.0000)
            ( 0.0000, 5.0000, -0.0000, 0.0000)
            ( 0.0000, 0.0000,  5.0000, 0.0000)
            (-2.5771, 0.0000,  8.0920, 1.0000)>
MESH
Staircase
<Matrix 4x4 (5.0000, 0.0000,  0.0000, 0.0000)
            (0.0000, 5.0000, -0.0000, 0.0000)
            (0.0000, 0.0000,  5.0000, 0.0000)
            (0.0000, 3.9055, 24.8620, 1.0000)>
MESH
Staircase
<Matrix 4x4 (5.0000, 0.0000,  0.0000, 0.0000)
            (0.0000, 5.0000, -0.0000, 0.0000)
            (0.0000, 0.0000,  5.0000, 0.0000)
            (0.0000, 8.1316, 37.9599, 1.0000)>
